2 42820520
1 42820528
2 44460586
1 44460593
2 54500469
1 54500476
2 108289161
1 108289168
2 119537144
1 119537151
2 175113921
1 175113928
2 181573342
1 181573349
2 183864020
1 183864027
2 194444604
1 194444611
2 207120888
1 207120895
2 225777449
1 225777456
2 238713054
1 238713061
2 246212052
1 246212059
2 254811201
1 254811208
2 307454682
1 307454689
2 319988363
1 319988370
2 334726528
1 334726535
2 357901276
1 357901283
2 359047701
1 359047708
2 387413964
1 387413971
2 435165137
1 435165145
2 435892276
1 435892283
2 459887994
1 459888001
2 492147456
1 492147463
2 500754151
1 500754158
2 508282523
1 508282530
2 525467466
1 525467474
2 526290645
1 526290652
2 528090549
1 528090556
2 594209097
1 594209104
2 607771314
1 607771321
2 614087850
1 614087857
2 623884079
1 623884086
2 627400982
1 627400989
2 637442672
1 637442679
2 652120031
1 652120038
2 659163867
1 659163874
2 696456663
1 696456670
2 703435809
1 703435817
2 742683278
1 742683285
2 762260482
1 762260489
