2 5591387
1 5591392
2 11457581
1 11457586
2 12134505
1 12134510
2 28981463
1 28981468
2 54681323
1 54681329
2 66784628
1 66784633
2 72729289
1 72729294
2 75583226
1 75583231
2 76379245
1 76379250
2 78515633
1 78515639
2 83654563
1 83654568
2 117846378
1 117846383
2 125194757
1 125194762
2 129284025
1 129284030
2 153277694
1 153277699
2 192933459
1 192933464
2 202250548
1 202250553
2 215464830
1 215464836
2 223491701
1 223491706
2 233574150
1 233574155
2 239647850
1 239647856
2 261304268
1 261304274
2 271026355
1 271026360
2 282021841
1 282021846
2 289050033
1 289050038
2 289457684
1 289457689
2 299712007
1 299712012
2 335587884
1 335587889
2 336908038
1 336908044
2 340991121
1 340991126
2 382420373
1 382420378
2 396667755
1 396667760
2 404997253
1 404997258
2 425070882
1 425070887
2 446353268
1 446353274
2 446418707
1 446418712
2 479894596
1 479894601
2 480304989
1 480304994
2 535973073
1 535973079
2 580702267
1 580702272
2 595973656
1 595973661
2 598189067
1 598189072
2 609111483
1 609111488
2 626815759
1 626815764
2 639054240
1 639054246
2 653276152
1 653276157
2 711133114
1 711133119
2 716456556
1 716456561
2 717256276
1 717256281
2 733081891
1 733081896
2 737925589
1 737925595
2 758990353
1 758990358
2 844221172
1 844221177
2 846727743
1 846727748
2 866356435
1 866356440
2 898568349
1 898568354
2 911165834
1 911165839
2 916760933
1 916760938
2 919914048
1 919914053
2 933417141
1 933417146
2 941266498
1 941266503
2 959398835
1 959398840
2 988933049
1 988933055
