2 43567760
1 43567766
2 73470554
1 73470560
2 96940682
1 96940689
2 112421740
1 112421746
2 129231403
1 129231410
2 131654788
1 131654794
2 133918479
1 133918485
2 152401082
1 152401088
2 174443297
1 174443303
2 199686072
1 199686078
2 242180162
1 242180168
2 251627397
1 251627403
2 253219164
1 253219170
2 260078539
1 260078545
2 285857374
1 285857380
2 286125666
1 286125673
2 323108488
1 323108494
2 330724621
1 330724627
2 331772900
1 331772907
2 332342444
1 332342450
2 384199686
1 384199692
2 387427900
1 387427906
2 424302269
1 424302275
2 424686877
1 424686883
2 437965286
1 437965292
2 441207419
1 441207425
2 459279471
1 459279477
2 465446568
1 465446574
2 490260319
1 490260325
2 663111838
1 663111844
2 675674433
1 675674439
2 692972038
1 692972044
2 723215116
1 723215122
2 724329099
1 724329105
2 748111851
1 748111857
2 749002766
1 749002772
2 757227175
1 757227181
2 757296852
1 757296858
2 768058892
1 768058898
2 785702385
1 785702391
2 792232053
1 792232059
2 810969754
1 810969760
2 814842455
1 814842462
2 838167634
1 838167640
2 840442770
1 840442776
2 842106218
1 842106224
2 852408856
1 852408862
2 891860547
1 891860553
2 910882577
1 910882583
2 914663445
1 914663452
2 932581496
1 932581502
2 937506338
1 937506344
2 939012459
1 939012465
2 946265165
1 946265171
2 960835043
1 960835049
