2 25526967
1 25526971
2 79169397
1 79169400
2 90329438
1 90329441
2 99333343
1 99333346
2 132171826
1 132171829
2 137173063
1 137173067
2 137777138
1 137777141
2 139722419
1 139722422
2 171159905
1 171159908
2 172004614
1 172004617
2 179540859
1 179540862
2 195154029
1 195154032
2 210696409
1 210696412
2 214913511
1 214913514
2 222047163
1 222047166
2 227020707
1 227020710
2 261501039
1 261501042
2 266945738
1 266945741
2 294151386
1 294151389
2 296309590
1 296309593
2 307569259
1 307569262
2 332363930
1 332363933
2 339322337
1 339322340
2 339843589
1 339843592
2 368678191
1 368678194
2 376848699
1 376848702
2 390873705
1 390873708
2 429848163
1 429848166
2 448836109
1 448836112
2 485294470
1 485294473
2 487838803
1 487838806
2 492329159
1 492329162
2 503643888
1 503643891
2 537252996
1 537252999
2 543734453
1 543734456
2 599108355
1 599108359
2 607420220
1 607420223
2 621979477
1 621979480
2 630906868
1 630906871
2 650549767
1 650549770
2 670387215
1 670387218
2 673703039
1 673703042
2 683822233
1 683822236
2 685208080
1 685208083
2 719246942
1 719246945
2 736367386
1 736367389
2 748142277
1 748142280
2 759990334
1 759990337
2 760900842
1 760900845
2 785245174
1 785245177
2 828917593
1 828917596
2 845144297
1 845144300
2 880140240
1 880140244
2 881987928
1 881987931
2 888127223
1 888127226
2 908572423
1 908572426
2 932179468
1 932179471
2 942117778
1 942117781
