2 13945646
1 13945648
2 16039296
1 16039298
2 20027029
1 20027031
2 21655096
1 21655098
2 50643637
1 50643639
2 63300293
1 63300295
2 115111568
1 115111570
2 130150414
1 130150416
2 174467229
1 174467231
2 185602953
1 185602955
2 195393405
1 195393407
2 210824743
1 210824745
2 214512086
1 214512088
2 275893092
1 275893094
2 323034931
1 323034933
2 342180934
1 342180936
2 358533207
1 358533209
2 428154309
1 428154311
2 460950630
1 460950632
2 463862685
1 463862687
2 472378514
1 472378516
2 487308001
1 487308003
2 498258442
1 498258444
2 498640672
1 498640674
2 510842565
1 510842567
2 537663741
1 537663743
2 565806574
1 565806576
2 575225772
1 575225774
2 581065656
1 581065658
2 617943425
1 617943427
2 650222462
1 650222464
2 653817639
1 653817641
2 706174018
1 706174020
2 717879791
1 717879793
2 718035789
1 718035791
2 720235847
1 720235849
2 740411207
1 740411210
2 751880690
1 751880692
2 791990916
1 791990919
2 818574069
1 818574071
2 854035122
1 854035124
2 863263934
1 863263936
2 874266566
1 874266568
2 874285127
1 874285129
2 878658757
1 878658759
2 895005642
1 895005644
2 901849452
1 901849454
2 906190145
1 906190147
