2 23717481
1 23717485
2 44337442
1 44337446
2 72287806
1 72287810
2 88489151
1 88489155
2 98511358
1 98511362
2 109031113
1 109031117
2 120933391
1 120933395
2 128641057
1 128641061
2 132051961
1 132051965
2 149437632
1 149437636
2 170663959
1 170663963
2 184899463
1 184899467
2 192447654
1 192447658
2 199277029
1 199277033
2 238900839
1 238900843
2 264212151
1 264212155
2 269497323
1 269497327
2 296648723
1 296648727
2 309415021
1 309415025
2 321245327
1 321245332
2 328856857
1 328856861
2 363367096
1 363367100
2 381124465
1 381124469
2 403413971
1 403413975
2 426197168
1 426197172
2 430050092
1 430050096
2 444633058
1 444633062
2 468054042
1 468054046
2 507490063
1 507490067
2 514189251
1 514189255
2 541615364
1 541615368
2 543633627
1 543633632
2 562258906
1 562258910
2 603062190
1 603062194
2 611455287
1 611455291
2 626833823
1 626833827
2 653880813
1 653880817
2 708113970
1 708113974
2 723084364
1 723084368
2 729717744
1 729717748
2 780401060
1 780401065
2 785008418
1 785008422
2 803417990
1 803417994
2 810783071
1 810783075
2 812986545
1 812986549
2 815841809
1 815841813
2 841416230
1 841416234
2 845953212
1 845953216
2 849630242
1 849630246
